<?xml version="1.0"?>
<opencv_storage>
<Camera_matrix_left type_id="opencv-matrix">
  <rows>3</rows>
  <cols>3</cols>
  <dt>d</dt>
  <data>
    4.2327384815910722e+02 0. 3.4134624927504325e+02 0.
    4.2127405230814509e+02 2.6928542279778088e+02 0. 0. 1.</data></Camera_matrix_left>
<distortion_coef_left type_id="opencv-matrix">
  <rows>1</rows>
  <cols>5</cols>
  <dt>d</dt>
  <data>
    -4.3394189394752858e-01 2.6707817663901218e-01
    -3.1144104113807117e-04 5.6389822950573122e-04
    -1.0970546245796536e-01</data></distortion_coef_left>
</opencv_storage>
