<?xml version="1.0"?>
<opencv_storage>
<R_l type_id="opencv-matrix">
  <rows>3</rows>
  <cols>3</cols>
  <dt>d</dt>
  <data>
    9.9998149904849343e-01 6.0149985074590719e-03
    -9.0628565214064525e-04 -6.0123093526966180e-03
    9.9997760020898174e-01 2.9412950435937298e-03 9.2395723682866420e-04
    -2.9357917571341445e-03 9.9999526370367553e-01</data></R_l>
<R_r type_id="opencv-matrix">
  <rows>3</rows>
  <cols>3</cols>
  <dt>d</dt>
  <data>
    9.9984564961503164e-01 1.2420569492905913e-02 1.2426037154588357e-02
    -1.2383999834661900e-02 9.9991876799771318e-01
    -3.0156183496269653e-03 -1.2462483459985406e-02
    2.8612688457058956e-03 9.9991824648148231e-01</data></R_r>
<P_l type_id="opencv-matrix">
  <rows>3</rows>
  <cols>4</cols>
  <dt>d</dt>
  <data>
    4.1999842097214469e+02 0. 3.1568386077880859e+02 0. 0.
    4.1999842097214469e+02 2.4675026512145996e+02 0. 0. 0. 1. 0.</data></P_l>
<P_r type_id="opencv-matrix">
  <rows>3</rows>
  <cols>4</cols>
  <dt>d</dt>
  <data>
    4.1999842097214469e+02 0. 3.1568386077880859e+02
    -1.0347629911394699e+03 0. 4.1999842097214469e+02
    2.4675026512145996e+02 0. 0. 0. 1. 0.</data></P_r>
<Q type_id="opencv-matrix">
  <rows>4</rows>
  <cols>4</cols>
  <dt>d</dt>
  <data>
    1. 0. 0. -3.1568386077880859e+02 0. 1. 0. -2.4675026512145996e+02 0.
    0. 0. 4.1999842097214469e+02 0. 0. 4.0588852188233648e-01 0.</data></Q>
<Roi_l type_id="opencv-matrix">
  <rows>4</rows>
  <cols>1</cols>
  <dt>d</dt>
  <data>
    0. 0. 610. 456.</data></Roi_l>
<Roi_r type_id="opencv-matrix">
  <rows>4</rows>
  <cols>1</cols>
  <dt>d</dt>
  <data>
    0. 0. 608. 463.</data></Roi_r>
</opencv_storage>
