<?xml version="1.0"?>
<opencv_storage>
<Camera_matrix_left type_id="opencv-matrix">
  <rows>3</rows>
  <cols>3</cols>
  <dt>d</dt>
  <data>
    4.2327384815910722e+02 0. 3.4134624927504325e+02 0.
    4.2127405230814509e+02 2.6928542279778088e+02 0. 0. 1.</data></Camera_matrix_left>
<distortion_coef_left type_id="opencv-matrix">
  <rows>1</rows>
  <cols>5</cols>
  <dt>d</dt>
  <data>
    -4.3394189394752858e-01 2.6707817663901218e-01
    -3.1144104113807117e-04 5.6389822950573122e-04
    -1.0970546245796536e-01</data></distortion_coef_left>
<Camera_matrix_right type_id="opencv-matrix">
  <rows>3</rows>
  <cols>3</cols>
  <dt>d</dt>
  <data>
    4.2091190513998799e+02 0. 3.5216176104369708e+02 0.
    4.1872278963614423e+02 2.6450671374936178e+02 0. 0. 1.</data></Camera_matrix_right>
<distortion_coef_right type_id="opencv-matrix">
  <rows>1</rows>
  <cols>5</cols>
  <dt>d</dt>
  <data>
    -4.1458182102883989e-01 1.9961438793561948e-01
    -1.4827779416037238e-04 -1.3685063625459833e-03
    -5.1136960160209424e-02</data></distortion_coef_right>
<R type_id="opencv-matrix">
  <rows>3</rows>
  <cols>3</cols>
  <dt>d</dt>
  <data>
    9.9989009315540212e-01 -6.3330650893129890e-03
    -1.3404995197902472e-02 6.4111624298374753e-03
    9.9996267964374419e-01 5.7910548262725577e-03 1.3367819791555529e-02
    -5.8763599512946189e-03 9.9989337920987531e-01</data></R>
<T type_id="opencv-matrix">
  <rows>3</rows>
  <cols>1</cols>
  <dt>d</dt>
  <data>
    -2.4633503923150557e+00 -3.0600937999689611e-02
    -3.0614408845469187e-02</data></T>
<E type_id="opencv-matrix">
  <rows>3</rows>
  <cols>3</cols>
  <dt>d</dt>
  <data>
    -2.1279387683065831e-04 3.0793088431357939e-02
    -3.0420385583403490e-02 2.3185800155315277e-03
    -1.4281650547516886e-02 2.4634981339534332e+00
    1.4804635260416640e-02 -2.4634522569329778e+00
    -1.4675602605153652e-02</data></E>
<F type_id="opencv-matrix">
  <rows>3</rows>
  <cols>3</cols>
  <dt>d</dt>
  <data>
    -4.1090908000692811e-08 5.9744315081210049e-06
    -4.0812111930482401e-03 4.5006299957732545e-07
    -2.7853921714384502e-06 2.0300314379157186e-01
    1.0987304397842819e-03 -2.0254438246959194e-01
    9.9999999999999989e-01</data></F>
</opencv_storage>
